Epoch	AverageEpRet	StdEpRet	MaxEpRet	MinEpRet	EpLen	AverageVVals	StdVVals	MaxVVals	MinVVals	TotalEnvInteracts	LossPi	LossV	DeltaLossPi	DeltaLossV	Entropy	KL	ClipFrac	StopIter	Time
0	-49.133335	2.5817735	-33.0	-50.0	50.0	0.010925324	0.005336691	0.029852286	-0.01066871	12000	-7.962808e-08	586.824	-0.0040855333	-288.37878	0.91894394	0.0034362152	0.03508333	79.0	17.98728632926941
1	-49.083332	2.7811368	-30.0	-50.0	50.0	-8.366698	0.006037731	-8.334667	-8.38067	24000	6.821938e-08	297.95282	-0.0033771289	-70.408714	0.90688515	0.0026540433	0.027333334	79.0	35.636064529418945
2	-49.058334	2.6795392	-32.0	-50.0	50.0	-11.442429	0.0028781549	-11.425094	-11.450716	36000	-2.8871e-08	227.7449	-0.00452598	-44.089714	0.8927322	0.0032157046	0.04	79.0	55.09301400184631
3	-49.145832	2.5640917	-32.0	-50.0	50.0	-13.949983	0.0019688816	-13.939896	-13.95475	48000	2.2933818e-08	183.97144	-0.004308963	-26.642166	0.8795492	0.0061862627	0.038	79.0	76.00796794891357
4	-49.25	2.49416	-32.0	-50.0	50.0	-15.9935	0.0017154455	-15.982378	-15.997555	60000	-4.1676685e-08	158.30931	-0.00421034	-15.324158	0.88472086	0.0042727897	0.032333333	79.0	96.71918487548828
5	-49.225	2.499875	-31.0	-50.0	50.0	-17.622831	0.001373775	-17.611742	-17.625986	72000	1.48575054e-08	143.58513	-0.0039633424	-8.350739	0.87638736	0.00212766	0.037833333	79.0	115.96730756759644
6	-49.008335	3.022129	-25.0	-50.0	50.0	-18.885773	0.0012682982	-18.878584	-18.888634	84000	1.839362e-08	133.51434	-0.0038922615	-4.067459	0.8638056	0.0044044014	0.032166667	79.0	133.20002365112305
7	-48.9875	3.0584326	-26.0	-50.0	50.0	-19.810663	0.0012459015	-19.803694	-19.81327	96000	-4.656613e-10	130.00772	-0.0031944802	-1.7787857	0.85924786	0.0024225346	0.021166667	79.0	151.1252281665802
8	-49.095833	2.6605105	-30.0	-50.0	50.0	-20.450861	0.0011592226	-20.443443	-20.453026	108000	3.6961865e-09	128.16254	-0.0042026723	-0.8268738	0.8561433	0.0043815477	0.04241667	79.0	169.00534439086914
9	-49.125	2.4968731	-35.0	-50.0	50.0	-20.904255	0.0010825421	-20.898134	-20.907259	120000	9.487849e-09	127.58107	-0.0044217226	-0.28680038	0.85079384	0.0036303038	0.03525	79.0	186.35893273353577
10	-48.441666	4.2949505	-16.0	-50.0	50.0	-21.1835	0.0010262921	-21.17605	-21.185892	132000	2.142042e-08	127.73854	-0.004073834	-0.003944397	0.8456766	0.003586811	0.035916667	79.0	203.5324125289917
11	-48.870834	2.693353	-31.0	-50.0	50.0	-21.226141	0.0009763657	-21.220787	-21.228771	144000	-1.7811544e-08	126.1982	-0.0036020502	-0.04428482	0.8432933	0.0044627907	0.035916664	79.0	221.2979040145874
12	-48.245834	4.1071563	-21.0	-50.0	50.0	-21.337147	0.0010433694	-21.330397	-21.33999	156000	-1.5366822e-08	126.51329	-0.00354124	-0.014720917	0.836177	0.0025587245	0.026333334	79.0	238.55327987670898
13	-48.658333	3.3203812	-28.0	-50.0	50.0	-21.275467	0.0011779104	-21.269468	-21.278599	168000	1.8626451e-09	125.99817	-0.00388885	-0.007892609	0.8280454	0.005010404	0.0375	79.0	256.0309076309204
14	-48.158333	4.127137	-25.0	-50.0	50.0	-21.32172	0.0013691662	-21.312359	-21.32474	180000	1.8859282e-08	125.9541	-0.0044653704	-0.031093597	0.8210664	0.0040762764	0.037166666	79.0	273.5146038532257
15	-47.9	4.134005	-26.0	-50.0	50.0	-21.22267	0.0013714028	-21.214394	-21.226105	192000	-5.5879354e-09	124.73591	-0.0048242216	-0.03263855	0.80741495	0.003964434	0.040416665	79.0	291.3014588356018
16	-47.7625	4.8388457	-22.0	-50.0	50.0	-21.112207	0.0014334192	-21.105122	-21.115398	204000	2.4796464e-08	126.119446	-0.0037393295	-0.01573944	0.80577326	0.0019980138	0.027333334	79.0	308.5292589664459
17	-48.183334	3.9696417	-25.0	-50.0	50.0	-21.033947	0.0014646786	-21.025902	-21.037178	216000	3.146124e-08	124.292694	-0.0042436514	-0.014701843	0.7983283	0.0018198481	0.033916667	79.0	325.81703543663025
18	-47.85	4.4770713	-23.0	-50.0	50.0	-21.10653	0.001821024	-21.097134	-21.110481	228000	-6.0535967e-09	125.45998	-0.003905092	-0.019958496	0.7991765	0.0045638494	0.0385	79.0	343.5434718132019
19	-47.0625	5.123501	-11.0	-50.0	50.0	-21.020203	0.0016837383	-21.0107	-21.024378	240000	3.259629e-09	122.537476	-0.0037100874	-0.12314987	0.788519	0.0031477544	0.032583334	79.0	361.304860830307
20	-47.233334	4.7823167	-18.0	-50.0	50.0	-20.78679	0.0018570891	-20.77571	-20.790789	252000	-1.6298145e-09	123.75932	-0.0045881798	-0.00630188	0.7892601	0.0044434946	0.04191667	79.0	378.8624908924103
21	-46.975	5.05299	-24.0	-50.0	50.0	-20.730204	0.002095067	-20.714457	-20.735762	264000	-1.6007107e-08	121.018776	-0.0049724123	-0.0025672913	0.7878862	0.0032018218	0.0425	79.0	396.41787600517273
22	-47.258335	5.0973783	-26.0	-50.0	50.0	-20.702742	0.0022344068	-20.692226	-20.707935	276000	5.355105e-09	124.72684	-0.0051244562	-0.0023269653	0.78069353	0.004794835	0.039833333	79.0	413.93846344947815
23	-46.695835	5.4339967	-25.0	-50.0	50.0	-20.674011	0.0023486298	-20.659353	-20.679108	288000	1.1641532e-10	121.16971	-0.0049939016	-0.019664764	0.7786699	0.0049076453	0.049666665	79.0	431.733606338501
24	-45.7125	6.1749363	-22.0	-50.0	50.0	-20.575603	0.002427629	-20.561771	-20.581505	300000	-1.4901161e-08	122.16282	-0.0041475873	-0.38682938	0.76811033	0.0039041596	0.038916666	79.0	449.27180075645447
25	-45.491665	6.084811	-21.0	-50.0	50.0	-20.113914	0.003337931	-20.097088	-20.122437	312000	-4.656613e-09	116.10668	-0.0033320845	-0.006717682	0.76005256	0.004523307	0.0315	79.0	467.0255506038666
26	-46.475	5.604258	-22.0	-50.0	50.0	-20.056751	0.0042072185	-20.033903	-20.066414	324000	-1.5366822e-08	120.82086	-0.0049900683	-0.12625504	0.75543237	0.0036071104	0.044666667	79.0	484.6802418231964
27	-45.625	6.8496504	-12.0	-50.0	50.0	-20.32857	0.0040870733	-20.304047	-20.337555	336000	-2.7008355e-08	120.48358	-0.0036087658	-0.02632904	0.7466433	0.0033972994	0.032833334	79.0	501.862585067749
28	-45.025	6.7062936	-14.0	-50.0	50.0	-20.21217	0.00522601	-20.188496	-20.224483	348000	-2.3515895e-08	120.165794	-0.006191944	-0.17718887	0.73433405	0.0023711089	0.048833333	79.0	519.0441670417786
29	-44.558334	7.017592	-10.0	-50.0	50.0	-19.87302	0.007726495	-19.837902	-19.889923	360000	-1.4901161e-08	118.93445	-0.0053014113	-0.24761963	0.72308975	0.0049885027	0.048416667	79.0	536.4323024749756
30	-44.820835	6.949609	-7.0	-50.0	50.0	-19.3967	0.02399165	-19.283825	-19.451437	372000	1.1175871e-08	117.59958	-0.0045547066	-0.33621597	0.72378916	0.0059065185	0.045416668	79.0	553.7506666183472
31	-43.229168	7.8904996	-12.0	-50.0	50.0	-19.402267	0.0765282	-19.044813	-19.578648	384000	9.429641e-09	116.474495	-0.0056628035	-7.326748	0.71901	0.005118644	0.057916667	79.0	571.2301144599915
32	-41.991665	8.927482	-8.0	-50.0	50.0	-17.921818	1.8240167	-4.243885	-20.016584	396000	-2.7008355e-08	108.516815	-0.00493684	-19.18877	0.7128233	0.00430248	0.046583332	79.0	588.5597994327545
33	-41.358334	8.430397	-10.0	-50.0	50.0	-17.338427	4.5807734	5.826719	-21.80445	408000	-1.0244548e-08	81.91503	-0.0070082014	-4.9973373	0.704352	0.008269295	0.080416664	79.0	606.5593252182007
34	-40.158333	8.988878	-9.0	-50.0	50.0	-16.994347	5.162515	-1.3076744	-23.084368	420000	-7.450581e-09	74.14441	-0.0060966252	-2.2848015	0.7025287	0.006565624	0.06408334	79.0	623.8016581535339
35	-37.329166	9.99062	-6.0	-50.0	50.0	-16.877138	5.588562	-3.7049043	-23.775951	432000	0.0	70.06352	-0.0075102	-2.9770393	0.6926748	0.0054083955	0.07758333	79.0	641.1083300113678
36	-37.416668	10.876261	-7.0	-50.0	50.0	-16.330263	5.6244836	-1.5262815	-24.18544	444000	5.5879354e-09	69.562454	-0.00596425	-4.7089005	0.67955023	0.0044206553	0.0435	79.0	658.306134223938
37	-35.908333	11.03328	-8.0	-50.0	50.0	-15.516362	5.7838135	-2.5107787	-25.239288	456000	2.0489097e-08	63.806877	-0.00745536	-3.3747578	0.6743581	0.0057194317	0.07416667	79.0	676.0565960407257
38	-35.45	12.354385	-5.0	-50.0	50.0	-15.608495	5.733897	-1.1214702	-26.269753	468000	-3.7252903e-09	64.104645	-0.0070891343	-3.7086945	0.66491115	0.0064477846	0.07491666	79.0	694.3645856380463
39	-33.141666	12.230628	-4.0	-50.0	50.0	-14.486409	6.2523227	-1.2150735	-27.334694	480000	-4.656613e-09	56.849262	-0.0017245039	-2.0489979	0.6523324	0.0069107995	0.054083332	79.0	711.7913508415222
40	-33.666668	12.671709	-5.0	-50.0	50.0	-14.279517	6.4050646	-0.31657147	-28.038414	492000	-7.916242e-09	55.16428	-0.0054634144	-3.5829277	0.6482419	0.0069392016	0.06025	79.0	729.9602763652802
41	-33.266666	12.953592	-5.0	-50.0	50.0	-14.637036	6.952456	8.543687	-28.753643	504000	-2.7939677e-09	57.387672	-0.007876571	-2.8196507	0.64238864	0.0072731026	0.07508333	79.0	748.0030107498169
42	-31.370832	13.9427395	-4.0	-50.0	50.0	-13.6436825	7.255567	2.03859	-29.366505	516000	2.7939677e-09	46.221107	-0.009018555	-1.4560795	0.63088006	0.0071465936	0.09925	79.0	765.0822522640228
43	-30.333334	15.182958	-1.0	-50.0	50.0	-13.531258	7.298516	4.997272	-30.036789	528000	-1.8626451e-08	47.270782	-0.0074435025	-3.8489323	0.62210107	0.008302919	0.069583334	79.0	783.4319875240326
44	-30.045834	14.641336	-3.0	-50.0	50.0	-14.22445	8.5409	2.7879763	-30.59498	540000	-8.381903e-09	48.34603	-0.0069387686	-2.984398	0.61885613	0.0105825355	0.09966667	79.0	801.5140869617462
45	-28.075	15.375121	-2.0	-50.0	50.0	-12.59637	8.22519	0.8253192	-30.896738	552000	-7.450581e-09	46.269638	-0.006218478	-3.141344	0.6092635	0.006884213	0.07441667	79.0	819.2021338939667
46	-27.6875	15.743459	-2.0	-50.0	50.0	-12.388224	8.458604	6.0499725	-31.18579	564000	-1.1175871e-08	38.75006	-0.0051118117	-1.2939835	0.59796774	0.006107376	0.07066667	79.0	836.6852161884308
47	-26.645834	16.204796	-1.0	-50.0	50.0	-11.465963	8.306357	1.8434306	-31.60247	576000	-1.4901161e-08	46.061203	-0.006552469	-1.7757359	0.590353	0.0064671505	0.07975	79.0	854.8090612888336
48	-24.954166	16.586452	-2.0	-50.0	50.0	-11.155451	8.260926	0.3102159	-31.99217	588000	-1.3038516e-08	38.777763	-0.0040295226	-3.581686	0.5814753	0.0038393592	0.0255	79.0	872.1711428165436
49	-22.85	15.882196	-2.0	-50.0	50.0	-10.850599	8.900935	2.3941352	-32.34511	600000	-1.4901161e-08	40.25394	-0.0047541186	-4.35421	0.57288516	0.0043948675	0.062	79.0	889.8348226547241
50	-24.775	16.164757	-2.0	-50.0	50.0	-11.306599	9.137886	4.479855	-32.693916	612000	1.21071935e-08	36.77681	-0.0054380894	-2.2184525	0.56849617	0.0077658473	0.073	79.0	907.3025760650635
51	-24.5625	15.858628	-2.0	-50.0	50.0	-10.590676	8.997138	0.44396746	-33.037617	624000	-1.8626451e-09	34.64881	-0.0066393493	-1.786952	0.56365407	0.0069981613	0.07108334	79.0	925.1466374397278
52	-23.445833	16.657991	-1.0	-50.0	50.0	-11.39272	8.73278	1.0108256	-33.26052	636000	7.450581e-09	41.02764	-0.003475301	-3.9014702	0.55861765	0.004611918	0.044249997	79.0	942.1470403671265
53	-23.629168	16.58438	0.0	-49.0	50.0	-10.428895	9.125099	0.4389127	-33.403458	648000	9.313226e-09	34.440964	0.06992176	-0.7940903	0.5507644	0.08736133	0.6364167	3.0	955.8611562252045
54	-24.8375	15.880368	-2.0	-48.0	50.0	-10.375457	9.200997	1.2641076	-33.454544	660000	7.450581e-09	39.290596	0.07374905	-2.0088692	0.55091596	0.090255775	0.63158333	1.0	969.4128592014313
55	-30.379168	13.293873	-6.0	-50.0	50.0	-11.98725	8.700846	0.19159621	-33.789913	672000	-2.5844201e-08	49.29831	0.059626117	-5.0372696	0.5509788	0.11414662	0.6678333	2.0	982.8019843101501
56	-24.333334	16.303288	0.0	-50.0	50.0	-12.838264	7.708288	1.021095	-34.163284	684000	-2.9802322e-08	44.386604	0.1146257	-6.422188	0.5510465	0.1934835	0.7556667	1.0	997.0615973472595
57	-24.25	15.736238	-1.0	-50.0	50.0	-11.021103	9.277161	1.9152375	-34.0678	696000	6.519258e-09	34.333282	0.09421305	-1.5819302	0.5511078	0.14045304	0.7140833	1.0	1010.3439316749573
58	-30.954166	12.525057	-6.0	-50.0	50.0	-11.124177	9.160257	-0.5132945	-33.816307	708000	-1.7695129e-08	52.556232	0.042203672	-13.58419	0.551131	0.09503708	0.6433333	2.0	1024.4185152053833
59	-24.766666	15.137555	0.0	-49.0	50.0	-14.224586	8.138897	-2.0204327	-34.10505	720000	-3.7252903e-09	50.558357	0.11638236	-15.687445	0.5511275	0.22978279	0.77325	1.0	1037.9050855636597
60	-24.008333	15.734514	-2.0	-50.0	50.0	-10.912002	8.036897	-1.5331078	-33.81866	732000	-8.381903e-09	38.980347	0.10889982	-3.0557632	0.55106676	0.16953245	0.729	1.0	1051.1099903583527
61	-28.9125	14.562389	-3.0	-50.0	50.0	-11.458327	8.867758	1.1016505	-33.85644	744000	-1.1175871e-08	48.482246	0.09219249	-5.257908	0.5509916	0.18824607	0.7424167	2.0	1064.802922487259
62	-26.391666	16.84676	-1.0	-50.0	50.0	-13.366806	8.679432	-1.1070435	-34.231075	756000	1.0477379e-08	40.633736	0.1875101	-7.7930126	0.5508107	0.41387418	0.8443333	1.0	1078.6259529590607
63	-28.991667	14.627597	-3.0	-50.0	50.0	-10.4889765	9.066873	1.5375956	-33.868656	768000	1.7462298e-08	46.539505	0.14231455	-7.999588	0.5506971	0.18955477	0.75374997	1.0	1092.477375984192
64	-39.279167	9.162946	-13.0	-50.0	50.0	-12.944083	8.888323	-2.1270542	-34.1587	780000	-1.4901161e-08	96.81648	0.06550501	-39.522526	0.5505596	0.11895615	0.689	2.0	1106.4430932998657
65	-30.454166	13.451068	-5.0	-50.0	50.0	-18.306778	6.649419	-1.0894884	-35.43171	792000	-5.5879354e-09	69.018	0.16985525	-26.183977	0.55039024	0.37922367	0.829	1.0	1120.3327372074127
66	-21.841667	15.864266	0.0	-50.0	50.0	-13.8758545	8.062602	0.088532686	-34.51531	804000	-4.7730282e-08	50.199356	0.15924989	-18.1888	0.55034035	0.31020993	0.81175	1.0	1133.9890825748444
67	-28.408333	13.848283	-3.0	-50.0	50.0	-10.88375	8.886909	5.408494	-33.207806	816000	1.8626451e-09	54.08895	0.112380154	-9.74148	0.5503016	0.16034004	0.7211667	1.0	1147.0716512203217
68	-41.0625	7.8528295	-16.0	-50.0	50.0	-13.11367	7.951769	-1.6294291	-34.696556	828000	6.798655e-08	103.80893	0.060028914	-42.6728	0.55025136	0.09602292	0.6509167	2.0	1161.0678272247314
69	-32.0625	13.070652	-4.0	-50.0	50.0	-17.00976	6.453185	-2.2575154	-35.836327	840000	-3.7252903e-09	68.35184	0.1749633	-20.585958	0.5501642	0.41889107	0.83625	1.0	1175.7066657543182
70	-23.5875	16.510624	0.0	-50.0	50.0	-14.105414	7.1573987	-1.1114504	-34.02253	852000	1.3038516e-08	59.71428	0.16976598	-27.922312	0.5501165	0.3371033	0.8105	1.0	1190.5203251838684
71	-31.316668	14.293345	-2.0	-50.0	50.0	-10.035128	8.771814	1.6451312	-32.802074	864000	2.2584572e-08	60.30249	0.11388905	-19.378426	0.550064	0.12556984	0.701	1.0	1204.8675673007965
72	-40.2125	9.142429	-5.0	-50.0	50.0	-13.25037	8.303321	-0.2712714	-33.778027	876000	-3.259629e-09	91.92954	0.05974858	-32.218105	0.550023	0.105859205	0.65125	6.0	1219.4267604351044
73	-31.7875	14.260107	-3.0	-50.0	50.0	-18.47659	6.834503	-5.0564313	-35.05702	888000	-5.5879354e-09	66.408966	0.07566628	-26.688353	0.55009323	0.10660401	0.67691666	1.0	1234.280312538147
74	-26.745832	15.719612	0.0	-50.0	50.0	-14.218846	8.091503	-2.05445	-34.350033	900000	1.1175871e-08	44.570362	0.061631147	-7.0067997	0.5500708	0.093207724	0.63483334	1.0	1248.558170080185
75	-25.529167	15.423169	-2.0	-50.0	50.0	-12.434987	9.236836	2.602231	-34.30264	912000	-3.1664968e-08	40.497974	-0.005919058	-3.969183	0.5500109	0.0049215527	0.044	79.0	1266.7369372844696
76	-24.820833	16.414335	0.0	-50.0	50.0	-11.91225	9.018458	4.9275823	-34.46586	924000	-3.3993274e-08	32.195927	-0.005376068	-2.5840473	0.53747976	0.0061935214	0.080916665	79.0	1284.7391040325165
77	-23.904167	16.840775	0.0	-50.0	50.0	-11.221634	8.915894	0.23340347	-34.369305	936000	-3.7252903e-09	34.284637	-0.005691929	-0.80020523	0.51745677	0.005975886	0.07516667	79.0	1302.7922167778015
78	-23.1125	15.746952	-2.0	-49.0	50.0	-10.743961	9.401346	1.8095217	-34.452442	948000	-5.5879354e-09	34.111153	0.010663158	-1.4972601	0.5122824	0.023120305	0.3635	79.0	1320.9444205760956
79	-22.654167	15.987534	0.0	-49.0	50.0	-11.717607	9.7190275	0.058097064	-34.31886	960000	1.3038516e-08	39.829403	-0.005928861	-5.8711853	0.50495344	0.009650529	0.1035	79.0	1339.1490621566772
80	-21.195833	15.6843605	-1.0	-48.0	50.0	-9.571787	8.436225	1.4649069	-33.847603	972000	0.0	38.435337	0.05778376	-1.280777	0.4949183	0.07871801	0.61275	12.0	1353.814836025238
81	-20.491667	16.080265	0.0	-49.0	50.0	-10.024169	8.7000675	0.5002599	-33.955715	984000	-2.4214387e-08	35.89283	0.08734696	-1.0567093	0.49498743	0.13090736	0.68983334	1.0	1368.0524084568024
82	-22.5125	15.133291	-2.0	-49.0	50.0	-9.673786	9.074804	0.4189781	-33.492752	996000	-1.1175871e-08	41.28441	0.0464796	-2.8445377	0.4949433	0.08104505	0.62825	2.0	1382.662591457367
83	-22.058332	15.882797	0.0	-48.0	50.0	-10.362957	8.041862	0.6358236	-33.521507	1008000	-1.1641532e-08	34.216675	0.13713609	-1.7891598	0.49485353	0.25169966	0.78908336	1.0	1396.8565728664398
84	-23.133333	15.87526	-2.0	-48.0	50.0	-10.055595	8.536545	0.071762845	-34.03545	1020000	7.450581e-09	37.44734	0.11410248	-1.3751907	0.4947862	0.17376815	0.73808336	1.0	1410.802330493927
85	-26.2625	14.171047	-2.0	-48.0	50.0	-10.113393	8.565866	-0.2157264	-34.179756	1032000	-3.0267984e-09	43.631874	0.069088936	-4.8234425	0.4947058	0.11604224	0.6865	2.0	1425.1701033115387
86	-20.0	14.994721	0.0	-47.0	50.0	-11.182456	8.246861	-0.6388125	-34.66837	1044000	-1.5832484e-08	40.68104	0.14749947	-7.483078	0.49444768	0.32658458	0.8093333	1.0	1439.3600997924805
87	-20.470833	14.797775	-1.0	-48.0	50.0	-10.374575	8.60457	-0.47137785	-33.783104	1056000	2.7939677e-09	46.42878	0.12835929	-5.992794	0.49432644	0.22848722	0.7740833	1.0	1453.4652826786041
88	-24.125	13.590783	-1.0	-50.0	50.0	-9.023045	7.562352	-0.35858396	-33.088108	1068000	2.8405339e-08	60.236893	-0.005157075	-9.026361	0.49424094	0.008536414	0.097	79.0	1471.478014945984
89	-23.8875	14.370683	-2.0	-50.0	50.0	-10.734426	6.42481	-2.0162055	-33.076687	1080000	1.2572855e-08	46.799828	-0.0060518645	-1.9026775	0.48980424	0.005253519	0.032416664	79.0	1489.6266794204712
90	-19.904167	14.733861	-1.0	-49.0	50.0	-10.677872	6.906132	-1.5156505	-34.276203	1092000	1.4901161e-08	44.52251	-0.0065955194	-6.2582893	0.48374397	0.0067899246	0.06333333	79.0	1508.1086468696594
91	-18.4	15.207674	0.0	-47.0	50.0	-8.715381	7.380625	-0.59519875	-33.18947	1104000	1.1175871e-08	33.44086	-0.006920919	-1.266942	0.468106	0.006391974	0.08191667	79.0	1526.1755108833313
92	-17.945833	14.510097	-1.0	-48.0	50.0	-8.484191	8.162718	0.4997146	-32.99567	1116000	1.0244548e-08	39.23522	-0.006484592	-4.036129	0.44924906	0.006127679	0.07891667	79.0	1544.227872133255
93	-17.533333	14.650047	0.0	-47.0	50.0	-8.657948	7.4515743	-0.3313663	-32.92706	1128000	-1.6763806e-08	29.473629	-0.0049613807	-2.0635977	0.43664867	0.0069991667	0.11483333	79.0	1562.3695783615112
94	-15.904166	14.552891	-1.0	-47.0	50.0	-6.9672685	7.256691	0.8204496	-33.346813	1140000	1.8626451e-09	28.457428	-0.004702423	-1.4517021	0.43290156	0.005065508	0.04375	79.0	1580.535747051239
95	-16.041666	14.058151	0.0	-49.0	50.0	-7.54741	7.5799656	0.08413257	-33.425743	1152000	6.519258e-09	26.324074	-0.006842996	-0.9241028	0.4185595	0.008541316	0.07308333	79.0	1599.1779520511627
96	-15.5125	14.497983	0.0	-47.0	50.0	-7.359909	7.6474442	0.6582836	-33.20199	1164000	1.9092113e-08	28.840616	-0.0061102496	-1.8677816	0.404546	0.008024035	0.077416666	79.0	1617.067996263504
97	-13.725	13.174447	0.0	-45.0	50.0	-7.0462103	7.1894536	0.23961186	-32.460804	1176000	2.7939677e-09	28.24073	-0.006030989	-2.5752878	0.38248453	0.004651917	0.053333335	79.0	1634.2782528400421
98	-12.445833	13.161702	0.0	-47.0	50.0	-6.617334	6.9280024	0.27926046	-33.12004	1188000	2.6077032e-08	25.929817	-0.00880355	-3.8633518	0.37179118	0.006304283	0.067833334	79.0	1651.287263393402
99	-9.870833	11.071547	0.0	-44.0	50.0	-4.8801484	6.7762136	0.4612676	-33.437195	1200000	2.2351742e-08	19.266745	-0.0077175032	-3.1887527	0.3660425	0.0066408506	0.079500005	79.0	1668.711535692215
100	-7.0833335	7.928412	0.0	-36.0	50.0	-3.4994905	4.585569	0.56859905	-30.318329	1212000	1.4901161e-08	15.02742	-0.0062614717	-3.5710464	0.35011292	0.012990227	0.16158333	79.0	1685.9679794311523
101	-6.8166666	8.045686	0.0	-43.0	50.0	-3.431047	4.585237	0.42888704	-29.022863	1224000	8.265488e-09	11.65179	-0.0024029852	-2.547562	0.33937693	0.016747072	0.24175	79.0	1703.3825542926788
102	-5.7708335	6.4879365	0.0	-38.0	50.0	-2.3839636	4.1162887	0.8222661	-27.08237	1236000	-1.839362e-08	6.7797604	-0.0029944913	-1.3254154	0.3326043	0.010007953	0.15766667	79.0	1720.6937069892883
103	-4.2208333	3.9143412	0.0	-23.0	50.0	-1.6373864	3.2884107	0.7068253	-23.482782	1248000	-1.6763806e-08	6.207413	-0.007356652	-3.4395857	0.32629982	0.016068507	0.23266667	79.0	1738.2197892665863
104	-3.7875	3.5684743	0.0	-28.0	50.0	-0.98928696	1.8280268	0.25324404	-17.763863	1260000	1.3038516e-08	2.3192	-0.009856913	-0.3021196	0.31761697	0.0070584845	0.07333333	79.0	1755.3969967365265
105	-3.0125	2.1746287	0.0	-15.0	50.0	-0.56436265	1.2165097	0.2972563	-15.06106	1272000	-2.9802322e-08	1.0475094	-0.0075713173	-0.19159785	0.31380314	0.014293668	0.19941667	79.0	1773.1200988292694
106	-2.7666667	1.7427628	0.0	-13.0	50.0	-0.40841523	0.92185724	0.36046648	-10.723441	1284000	1.3038516e-08	0.76993036	-0.003637204	-0.27119476	0.30521128	0.006768359	0.07416667	79.0	1791.833800315857
107	-2.6958334	1.4153855	0.0	-10.0	50.0	-0.3136006	0.6177358	0.33637	-8.823382	1296000	8.8475645e-09	0.43450814	-0.0089475	-0.112115085	0.3006494	0.0076952763	0.0885	79.0	1809.4710783958435
108	-2.6583333	1.4577142	0.0	-10.0	50.0	-0.17667127	0.4021798	0.40371686	-8.5948305	1308000	7.450581e-09	0.48387355	-0.009067051	-0.0290761	0.295852	0.008844671	0.096666664	79.0	1828.1445162296295
109	-2.4916666	1.3508999	0.0	-8.0	50.0	-0.18040751	0.33634266	0.27940744	-7.0740447	1320000	1.7811544e-08	0.26825365	-0.006454439	-0.009077981	0.27954024	0.007444985	0.11525001	79.0	1846.81205868721
110	-2.3875	1.1235408	0.0	-6.0	50.0	-0.15451115	0.29848832	0.34560773	-6.471056	1332000	-3.3527613e-08	0.19781868	-0.0041652974	-0.00936763	0.27114025	0.008539916	0.16958332	79.0	1866.724296092987
111	-2.3416667	1.1217237	0.0	-6.0	50.0	-0.11571643	0.24272801	0.3915096	-5.7477436	1344000	-2.6542693e-08	0.16803944	-0.0070947334	-0.004237227	0.2581515	0.006500331	0.07766667	79.0	1886.4675703048706
112	-2.3291667	1.0743134	0.0	-6.0	50.0	-0.09120279	0.24965364	0.31868964	-5.3400383	1356000	-6.519258e-09	0.16252986	-0.005826174	-0.0041626915	0.2546406	0.009395239	0.10983333	79.0	1905.9927203655243
113	-2.2083333	1.0946524	0.0	-5.0	50.0	-0.12021684	0.27465048	0.49652427	-5.1579185	1368000	8.8475645e-09	0.13591324	-0.006788869	-0.0024873652	0.25262374	0.005484144	0.045833334	79.0	1924.957946062088
114	-2.2375	0.9692405	0.0	-5.0	50.0	-0.10120473	0.2476103	0.46305266	-5.178798	1380000	-6.0535967e-09	0.13331819	-0.0072751394	-0.0018271431	0.24501278	0.006923328	0.06616667	79.0	1943.9597430229187
115	-2.1291666	1.038821	0.0	-5.0	50.0	-0.07338289	0.22019745	0.37908182	-4.5137296	1392000	5.401671e-08	0.12766556	-0.005568378	-0.0016514957	0.23791406	0.005473014	0.054333333	79.0	1963.0592975616455
116	-2.1	1.0793515	0.0	-5.0	50.0	-0.087622575	0.21027832	0.37017143	-5.4542203	1404000	3.0267984e-08	0.13216925	-0.0036758024	-0.00055219233	0.23111105	0.010793599	0.14116666	79.0	1982.3073122501373
117	-2.0625	0.9575631	0.0	-6.0	50.0	-0.082936004	0.20223178	0.58525157	-5.0735607	1416000	4.8908987e-08	0.12751636	0.02964286	-0.0014252216	0.21816105	0.08794743	0.63608336	5.0	1997.3773910999298
118	-2.1541667	1.0150858	0.0	-5.0	50.0	-0.105062895	0.21724126	0.21426496	-3.9001932	1428000	9.313226e-09	0.11481239	0.051796913	-0.0011748336	0.21781604	0.15588817	0.72125	1.0	2012.5911836624146
119	-2.5083334	1.3539808	0.0	-10.0	50.0	-0.09952838	0.20384775	0.24849871	-3.5190547	1440000	1.6763806e-08	0.46842575	0.032046013	-0.029949248	0.21772505	0.11445832	0.6359167	10.0	2028.179529428482
120	-2.0666666	0.95945585	0.0	-4.0	50.0	-0.17636405	0.29228923	0.3960638	-4.3820224	1452000	4.656613e-10	0.12600687	0.06652625	-0.022838723	0.21633238	0.18517298	0.74008334	1.0	2043.469037771225
121	-1.9375	1.0125514	0.0	-4.0	50.0	-0.05418935	0.2001813	0.2667601	-4.577431	1464000	1.5599653e-08	0.09959926	0.052933075	-0.001330968	0.21619314	0.19628552	0.75708336	1.0	2058.780972480774
122	-2.1541667	1.2604493	0.0	-7.0	50.0	-0.037667952	0.21767552	0.37157986	-4.010454	1476000	-1.8626451e-08	0.2605089	0.040085748	-0.027564988	0.21606712	0.10354048	0.64975	1.0	2074.087612390518
123	-2.2375	1.105785	0.0	-6.0	50.0	-0.14397748	0.25706086	0.47999042	-5.5012608	1488000	-2.3283064e-08	0.22383134	0.049768936	-0.0042796955	0.21587817	0.118084505	0.69275	1.0	2089.2621586322784
124	-2.0541666	1.0768315	0.0	-8.0	50.0	-0.18873127	0.21918997	0.052554265	-3.7036974	1500000	-2.0489097e-08	0.17974922	0.03680351	-0.013342883	0.2156733	0.12579122	0.67725	1.0	2103.7156195640564
125	-2.1458333	1.0325854	0.0	-7.0	50.0	-0.11696519	0.19920073	0.15236968	-3.895586	1512000	1.9092113e-08	0.18009228	0.03438323	-0.0021056905	0.21544844	0.08715929	0.6246667	1.0	2118.1880769729614
126	-2.4416666	1.2199442	0.0	-8.0	50.0	-0.12137136	0.20413147	0.20429716	-3.3676553	1524000	-2.9802322e-08	0.3162661	0.074642465	-0.0065281764	0.21521431	0.1635552	0.72075	2.0	2132.816558599472
127	-2.6833334	1.6175256	0.0	-13.0	50.0	-0.15193072	0.2761433	0.3343787	-4.487743	1536000	0.0	0.76041067	0.10055841	-0.056972712	0.21455497	0.17676681	0.73475003	1.0	2147.843502998352
128	-3.7791667	2.5700972	0.0	-17.0	50.0	-0.2948528	0.29725382	0.1508354	-4.3693576	1548000	0.0	2.6480212	0.033458877	-0.40035737	0.21418495	0.076048024	0.59916663	1.0	2162.0240449905396
129	-2.4625	1.353487	0.0	-9.0	50.0	-0.83471584	0.3772226	-0.43254665	-6.0092473	1560000	-2.0489097e-08	0.7661275	0.08880773	-0.3615511	0.21374239	0.24568164	0.78550005	1.0	2175.991972923279
130	-2.125	0.9315086	0.0	-4.0	50.0	-0.25454852	0.3158751	0.07202199	-3.6212163	1572000	2.4214387e-08	0.1963866	0.076772265	-0.084363356	0.21327025	0.24803482	0.7813333	1.0	2190.3919303417206
131	-2.1166666	0.9502924	0.0	-4.0	50.0	-0.09387884	0.23817234	0.17791839	-3.6838741	1584000	7.450581e-09	0.10864939	0.04572653	-0.0039942637	0.21281941	0.1233173	0.67825	1.0	2204.914546728134
132	-1.9958333	0.9595915	0.0	-4.0	50.0	-0.078508526	0.18570179	0.16598542	-3.2646332	1596000	-2.3283064e-08	0.09943313	0.0038020378	-0.00056714565	0.21237239	0.021216433	0.31875002	79.0	2223.2555685043335
133	-1.9458333	0.9667295	0.0	-4.0	50.0	-0.07023099	0.19682565	0.21644287	-3.6508987	1608000	3.259629e-08	0.09713487	0.022313872	-0.00066484883	0.20854755	0.08710274	0.6325	1.0	2237.8799154758453
134	-2.0208333	0.9550215	0.0	-4.0	50.0	-0.06407362	0.20958592	0.2083427	-4.7248144	1620000	-1.3562385e-08	0.10267791	0.02619373	-0.0011626743	0.2084919	0.078763284	0.61574996	1.0	2251.982199192047
135	-2.075	0.96317625	0.0	-4.0	50.0	-0.06388622	0.20534381	0.21414	-3.237489	1632000	-4.5401976e-08	0.10983796	0.029377686	-0.0012962334	0.20842248	0.09857595	0.65341663	1.0	2266.361444711685
136	-1.9416667	1.0511568	0.0	-6.0	50.0	-0.0846255	0.20764405	0.18055215	-4.707924	1644000	1.9557774e-08	0.115004666	0.022139592	-0.00094662607	0.20832023	0.075015604	0.5973333	1.0	2280.380224943161
137	-2.1666667	1.1678566	0.0	-9.0	50.0	-0.08802166	0.20219858	0.14053987	-3.5161679	1656000	-3.7252903e-09	0.23798579	0.032263234	-0.0056262314	0.20822273	0.09031775	0.63483334	1.0	2294.429352760315
138	-2.025	1.0203145	0.0	-5.0	50.0	-0.1495811	0.19872914	0.09089267	-3.314938	1668000	1.0244548e-08	0.11915855	-0.0035079485	-0.0045540966	0.20807052	0.009307807	0.12691666	79.0	2312.619885444641
139	-2.0708334	0.9742429	0.0	-5.0	50.0	-0.086350046	0.18466069	0.16717675	-3.8245625	1680000	2.514571e-08	0.11640895	0.026743706	-0.00061811134	0.19526713	0.09542467	0.64208335	22.0	2327.723389863968
140	-2.0	0.8990736	0.0	-4.0	50.0	-0.08713726	0.19368814	0.1232958	-3.4637837	1692000	1.9790605e-08	0.08910371	0.04056762	-0.00087329745	0.19400598	0.16058922	0.72675	1.0	2342.184240579605
141	-1.9958333	0.92420197	0.0	-4.0	50.0	-0.085065216	0.19249038	0.16161543	-3.13893	1704000	-5.5879354e-08	0.09386731	0.03849192	-0.0013202354	0.19398786	0.14922579	0.71433336	1.0	2356.4200603961945
142	-1.95	0.98615414	0.0	-4.0	50.0	-0.08046779	0.18857364	0.15360837	-3.4419699	1716000	-5.6810677e-08	0.11723299	0.025535751	-0.0005249828	0.19395477	0.09126516	0.6325833	2.0	2370.867001056671
143	-1.9791666	0.93740743	0.0	-4.0	50.0	-0.07804107	0.17203175	0.20028043	-3.2784796	1728000	-5.820766e-09	0.09580916	0.059260726	-0.0008241311	0.19380936	0.24760246	0.7851667	1.0	2385.032098531723
144	-1.9125	0.96428406	0.0	-4.0	50.0	-0.05121234	0.22448488	0.2019349	-3.7768528	1740000	-1.071021e-08	0.083622664	0.05271435	-0.0008463077	0.19371577	0.20130423	0.76608336	1.0	2399.83940410614
145	-2.1458333	1.121561	0.0	-6.0	50.0	-0.049928375	0.18908805	0.20239495	-3.3763175	1752000	-1.3969839e-08	0.19168529	0.053434655	-0.006567426	0.19359453	0.18241495	0.7435	2.0	2415.0319635868073
146	-1.8375	0.91892713	0.0	-4.0	50.0	-0.14046931	0.19900459	0.12704298	-3.8594398	1764000	-9.778887e-09	0.07871316	0.08878046	-0.0073418394	0.19332795	0.52882797	0.86125004	1.0	2429.504719734192
147	-2.0208333	0.9239766	0.0	-4.0	50.0	-0.09264204	0.20338577	0.12754041	-3.8116262	1776000	-1.4901161e-08	0.10582058	0.10838635	-0.001306776	0.19321683	0.30437452	0.8104167	1.0	2442.9572355747223
148	-2.7208333	1.544204	0.0	-10.0	50.0	-0.100315645	0.18858539	0.12748915	-3.4111948	1788000	5.5879354e-09	0.8524112	0.078145064	-0.16426729	0.19306684	0.21015349	0.76316667	1.0	2456.348297595978
149	-2.2625	1.1734253	0.0	-7.0	50.0	-0.2880956	0.37965164	0.25029916	-3.7124405	1800000	-7.450581e-09	0.33788309	0.11138199	-0.03606499	0.19286034	0.3837362	0.83058333	1.0	2469.424762248993
150	-2.1666667	1.0233388	0.0	-6.0	50.0	-0.14384869	0.24716969	0.22601178	-3.4475307	1812000	-3.9115548e-08	0.15341306	0.09945008	-0.013367306	0.19262613	0.3249488	0.8169167	1.0	2482.470097064972
151	-2.3916667	1.37717	0.0	-8.0	50.0	-0.0722319	0.22016421	0.20748436	-4.427704	1824000	-2.0023435e-08	0.45519435	0.087985784	-0.099209994	0.19240336	0.20040682	0.7588333	1.0	2495.7921080589294
152	-2.7125	1.9823834	0.0	-18.0	50.0	-0.27519247	0.4092157	0.07234408	-6.7864537	1836000	1.1175871e-08	0.95386374	0.06787546	-0.11601898	0.19215226	0.19070713	0.75541663	1.0	2508.990779876709
153	-2.0041666	0.9682368	0.0	-6.0	50.0	-0.35989603	0.5323644	0.046966985	-7.206427	1848000	-2.0489097e-08	0.37058574	0.07008089	-0.24716155	0.19189636	0.15280996	0.72125	1.0	2522.0934545993805
154	-1.9375	0.9444189	0.0	-4.0	50.0	-0.09654211	0.20640567	0.16350782	-3.6276174	1860000	-9.313226e-10	0.104112685	0.036445215	-0.004243456	0.19166641	0.14787942	0.70883334	1.0	2535.2871675491333
155	-1.9958333	0.8732025	0.0	-4.0	50.0	-0.08817247	0.1849139	0.18971409	-3.275395	1872000	-2.7939677e-09	0.09507005	0.031816114	-0.0011649877	0.19144884	0.117329255	0.6745833	1.0	2548.6577270030975
156	-1.9125	0.95123273	0.0	-4.0	50.0	-0.074071035	0.15029971	0.45139945	-3.224983	1884000	-5.8673322e-08	0.10568839	0.027857073	-0.0014796443	0.19124715	0.08466162	0.63041663	2.0	2562.023684978485
157	-1.9916667	0.9082569	0.0	-4.0	50.0	-0.06809731	0.20655257	0.22047463	-3.4820015	1896000	-2.4912879e-08	0.0928427	0.065416254	-0.0004290864	0.19084212	0.2596652	0.792	1.0	2575.196890115738
158	-2.0416667	0.99075586	0.0	-5.0	50.0	-0.053327464	0.19263178	0.2384997	-3.3712	1908000	-2.4214387e-08	0.13779369	0.066307604	-0.0032527	0.19067204	0.19424981	0.7550833	1.0	2587.983287334442
159	-2.4916666	1.535664	0.0	-9.0	50.0	-0.08455656	0.19137555	0.19018824	-3.3820515	1920000	1.8626451e-08	0.5866333	0.046258762	-0.05207339	0.19048141	0.09212169	0.63675	1.0	2601.166694879532
160	-2.1208334	1.1681465	0.0	-5.0	50.0	-0.28443065	0.21871665	0.07234429	-3.3163552	1932000	-4.656613e-10	0.24229193	0.080612294	-0.024849758	0.19025432	0.24287573	0.78066665	1.0	2614.103705883026
161	-2.075	1.0697547	0.0	-8.0	50.0	-0.1867076	0.21617751	0.060931668	-3.5188198	1944000	1.9557774e-08	0.16157356	0.07073952	-0.010703869	0.18999432	0.260428	0.7913333	1.0	2627.161830186844
162	-1.9708333	0.88693255	0.0	-5.0	50.0	-0.116529234	0.21213207	0.15166742	-3.2700672	1956000	-2.4214387e-08	0.08224678	0.06015669	-0.0028671958	0.18974319	0.26391375	0.798	1.0	2640.464907169342
163	-1.9708333	0.93718517	0.0	-4.0	50.0	-0.09372093	0.18456483	0.19756731	-3.2422457	1968000	-2.4796464e-08	0.095578074	0.06075131	-0.0018057972	0.18950476	0.22807965	0.7813333	1.0	2653.5667152404785
164	-2.2125	1.0648993	0.0	-5.0	50.0	-0.098419294	0.19348113	0.17330486	-3.0568666	1980000	-2.8405339e-08	0.16591036	0.09842777	-0.0031539947	0.18927698	0.36378425	0.82858336	2.0	2666.8207845687866
165	-1.8916667	0.9856963	0.0	-4.0	50.0	-0.090753004	0.24558668	0.2144068	-3.8057144	1992000	2.7939677e-09	0.087594286	0.10987358	-0.0016912222	0.18881173	0.7350384	0.8815	1.0	2680.2072434425354
166	-2.4041667	1.2645748	0.0	-6.0	50.0	-0.034474425	0.22304319	0.25353205	-2.9708834	2004000	-9.313226e-10	0.33828995	0.15958226	-0.041246444	0.18858954	0.3543594	0.82233334	1.0	2693.1688854694366
167	-4.3333335	2.701337	0.0	-16.0	50.0	-0.20990922	0.22232452	0.13999166	-3.6142752	2016000	2.2351742e-08	3.4489439	0.12144534	-0.9640813	0.18827724	0.3492885	0.8204167	1.0	2706.024623632431
168	-2.1708333	1.0645732	0.0	-7.0	50.0	-1.1687495	0.47379586	-0.67376804	-5.2320724	2028000	8.4750354e-08	1.416131	0.13092853	-1.1534963	0.18788987	0.30842614	0.8039167	1.0	2719.245923280716
169	-1.9458333	0.936073	0.0	-4.0	50.0	-0.16370192	0.07748748	-0.043649733	-0.7384818	2040000	2.3166649e-08	0.14571083	0.06470417	-0.014821224	0.18752182	0.2051053	0.7605	1.0	2732.3569374084473
170	-1.9875	0.98522943	0.0	-6.0	50.0	-0.07386646	0.007960789	0.0048348755	-0.099992946	2052000	-2.9802322e-08	0.15872931	0.07400506	-0.0014946833	0.18720324	0.24582303	0.78900003	1.0	2745.7393593788147
171	-2.05	0.94736475	0.0	-4.0	50.0	-0.087313905	0.032208093	0.026077107	-0.41834193	2064000	3.1199306e-08	0.15017134	0.043832876	-0.002392672	0.18686964	0.096596375	0.64874995	1.0	2758.859560728073
172	-2.1666667	0.99023	0.0	-5.0	50.0	-0.079780295	0.008322596	0.012910083	-0.087677106	2076000	-5.5879354e-08	0.20101276	0.12867045	-0.0040095523	0.18654291	0.44525975	0.84658337	2.0	2772.0391013622284
173	-2.5041666	1.2780125	0.0	-8.0	50.0	-0.12361314	0.05237142	0.3673478	-0.15720806	2088000	-2.6077032e-08	0.53084683	0.1194813	-0.036795884	0.18580382	0.24374959	0.78491664	1.0	2784.9380671977997
174	-2.475	1.402156	0.0	-9.0	50.0	-0.30695853	0.015235631	-0.089407906	-0.31702018	2100000	-5.030597e-08	0.56499326	0.1238378	-0.0027802885	0.185392	0.29903564	0.80525	1.0	2797.9443385601044
175	-2.1291666	1.0185689	0.0	-5.0	50.0	-0.3525718	0.016266193	-0.10606836	-0.36451828	2112000	1.1641532e-08	0.2580388	0.10903214	-0.048676096	0.18493608	0.41685563	0.83975005	1.0	2810.9090077877045
176	-1.8458333	1.006843	0.0	-5.0	50.0	-0.13431783	0.021530688	0.12799971	-0.22717728	2124000	-4.8428774e-08	0.13798434	0.08405572	-0.0035864525	0.1844978	0.4025464	0.838	1.0	2824.0595767498016
177	-2.1166666	1.0853827	0.0	-8.0	50.0	-0.07634837	0.014670205	0.12531719	-0.1323112	2136000	5.7742e-08	0.24539444	0.09035028	-0.003353037	0.18407948	0.25895175	0.79575	1.0	2837.2763154506683
178	-2.2708333	1.1018844	0.0	-7.0	50.0	-0.12622757	0.02792794	0.22014686	-0.16921678	2148000	7.450581e-09	0.3051318	0.07162333	-0.008751541	0.1836751	0.14720985	0.71566665	1.0	2850.856550216675
179	-2.625	1.231953	0.0	-7.0	50.0	-0.20528555	0.07654526	0.32757276	-0.28460974	2160000	-1.3038516e-08	0.5316647	0.0701229	-0.026373744	0.18325244	0.14503044	0.71891665	1.0	2864.379914045334
180	-1.9	1.0157099	0.0	-4.0	50.0	-0.3648903	0.1165635	0.3572609	-0.48581603	2172000	1.9557774e-08	0.22471371	0.04944262	-0.08613761	0.18279964	0.14764112	0.7051667	1.0	2877.704946041107
181	-1.9333333	0.88254684	0.0	-4.0	50.0	-0.08046462	0.046111513	0.30501893	-0.13392445	2184000	3.6903657e-08	0.121908054	0.043066174	-0.00040439516	0.18235953	0.12333149	0.697	1.0	2890.894354581833
182	-1.7875	0.9490401	0.0	-4.0	50.0	-0.07260327	0.03206272	0.101141214	-0.10547018	2196000	-4.5169145e-08	0.11042445	0.03499355	-0.00032999367	0.1819547	0.13048354	0.6964167	1.0	2903.663375854492
183	-1.8	0.9046178	0.0	-4.0	50.0	-0.05742155	0.025812097	0.13643372	-0.08743358	2208000	-2.2468157e-08	0.109345175	0.035084605	-4.0542334e-05	0.18159196	0.11943204	0.679	2.0	2916.560874938965
184	-1.7916666	0.9695002	0.0	-4.0	50.0	-0.057437632	0.025450459	0.11498812	-0.08761534	2220000	-2.0954758e-08	0.112188764	0.059778176	-3.597513e-05	0.18095951	0.24652831	0.783	1.0	2929.736751317978
185	-1.8125	0.94991773	0.0	-3.0	50.0	-0.061933074	0.02459344	0.090386644	-0.08682345	2232000	-1.0244548e-08	0.11335689	0.060585268	-8.041039e-05	0.1806763	0.20286816	0.75958335	1.0	2942.9703171253204
186	-1.9625	1.065877	0.0	-6.0	50.0	-0.055195443	0.032418195	0.16155529	-0.08645463	2244000	-2.3981556e-08	0.18170106	0.12411253	-0.0028620958	0.18040861	0.48995686	0.8546667	2.0	2956.0951585769653
187	-1.825	0.91435313	0.0	-3.0	50.0	-0.10576661	0.032360196	0.076814905	-0.153244	2256000	-5.2154064e-08	0.11218996	0.11425242	-0.0031318702	0.17982852	0.91983294	0.9015	1.0	2968.9708275794983
188	-1.9958333	0.9420629	0.0	-4.0	50.0	-0.059405163	0.043197885	0.15072435	-0.13843876	2268000	-4.551839e-08	0.15042102	0.1583075	-0.0026443973	0.17956951	0.7456644	0.88558334	1.0	2981.960406780243
189	-5.2541666	3.7646914	0.0	-25.0	50.0	-0.086906515	0.07310329	0.12061681	-0.21883033	2280000	6.193295e-08	7.5897474	0.104188606	-3.3246322	0.17931077	0.21268183	0.7676667	1.0	2994.9476416110992
190	-3.6708333	2.3282645	0.0	-15.0	50.0	-1.4875739	0.88018936	1.3881868	-3.2140913	2292000	8.381903e-09	2.3535624	0.21012309	-0.60998267	0.17902073	0.76352024	0.89241666	1.0	3007.9300966262817
191	-1.95	0.9385272	0.0	-4.0	50.0	-0.6575961	0.45418757	0.1665045	-2.944828	2304000	-1.4994293e-07	0.58098394	0.22354028	-0.45563266	0.17870483	0.6547696	0.8818333	1.0	3021.1958820819855
192	-1.9	0.9073772	0.0	-6.0	50.0	-0.07251514	0.06441046	0.13712431	-0.51730436	2316000	-1.8626451e-08	0.13537171	0.14735776	-0.022757646	0.17841984	0.60906327	0.872	1.0	3034.5060362815857
193	-3.1416667	1.8854524	0.0	-12.0	50.0	-0.036087614	0.16789107	0.2211527	-2.4884198	2328000	-5.029142e-08	1.2974236	0.12361094	-0.3516036	0.1781197	0.33125296	0.82166666	1.0	3048.1496484279633
194	-2.1416667	1.0824034	0.0	-6.0	50.0	-0.607372	0.2955673	-0.21747822	-3.343229	2340000	4.4237822e-08	0.41913208	0.1348215	-0.22310221	0.17780477	0.5395905	0.86	1.0	3061.8259913921356
195	-1.8666667	0.97837734	0.0	-4.0	50.0	-0.1837548	0.19706371	0.05256237	-2.9154458	2352000	2.2351742e-08	0.11032486	0.08970024	-0.014801171	0.1774845	0.30529484	0.809	1.0	3075.190056324005
196	-1.9416667	0.8971792	0.0	-4.0	50.0	-0.0906778	0.18840145	0.1292086	-2.6277049	2364000	-1.7695129e-08	0.08657808	0.04627876	-0.0016183443	0.17716931	0.13560566	0.7075	1.0	3088.5398972034454
197	-1.975	1.0203145	0.0	-4.0	50.0	-0.07742125	0.19493026	0.13114232	-2.6504807	2376000	-5.8673322e-08	0.10634648	0.085714	-0.0014203377	0.17687972	0.3009101	0.80383337	2.0	3102.3962256908417
198	-1.8875	0.93977505	0.0	-4.0	50.0	-0.06580977	0.20869921	0.13644364	-2.757711	2388000	-3.5157427e-08	0.08655146	0.10097884	-0.00065828115	0.17630073	0.3621045	0.8283334	1.0	3115.3297262191772
199	-1.9875	1.1235408	0.0	-6.0	50.0	-0.06108125	0.1903488	0.12601216	-2.7021234	2400000	-3.5390258e-08	0.20292735	0.06362979	-0.011119641	0.17600723	0.1417755	0.72325003	1.0	3128.1502878665924
